//cube for 371 anim demo

from: 0 0 5
at: 0 0 0

up: 0 1 0
angle: 30.0

//aperture: radius, aperture.focal_length, nsamples
//aperture: 0.2 5.099015 14
//aperture: 0.5 4.04474 14
//aperture: 1.2 3.00666 84

//antialias
montecarlo: 40
adaptive: 0.1

background: .1 .1 .1
ambient: .7 .7 .7
light: 20 20 100
light-color: .3 .3 .3

surf: 1 1 0
ring: 0 0 0  0 0 1  0 1

surf: 1 0 0
ring: 0 0 1  0 0 1  0 .6

surf: .9 .6 .2
ring: 0 0 2  0 0 1  0 .2


